"","A1D2","775E","4FCA","A093","1338","E89B","238E","4107","F886","5EBF3C","5440","1E39","94D3","2562","FBF5","110D","ED72","9900","FA5B","1A0D","0832","A4F8","8712","D8F5","4999","101F","A1CE","EDDE","B5F7"
"A1D2",0,0.588888888888889,0.681818181818182,0.705263157894737,0.706521739130435,0.623529411764706,0.735632183908046,0.641304347826087,0.0114942528735632,0.454545454545455,0.633333333333333,0.712765957446808,0.673913043478261,0.758241758241758,0.602150537634409,0.674418604651163,0.666666666666667,0.120481927710843,0.534883720930233,0.709302325581395,0.604651162790698,0.613636363636364,0.602272727272727,0.644444444444444,0.152941176470588,0.0952380952380952,0.141176470588235,0.130952380952381,0.0941176470588235
"775E",0.588888888888889,0,0.649350649350649,0.566666666666667,0.581395348837209,0.5,0.547619047619048,0.444444444444444,0.0806451612903226,0.646153846153846,0.448275862068966,0.609195402298851,0.49438202247191,0.527472527472527,0.406593406593407,0.413793103448276,0.493975903614458,0.180327868852459,0.40506329113924,0.465116279069767,0.5,0.44047619047619,0.363636363636364,0.476744186046512,0,0,0,0,0
"4FCA",0.681818181818182,0.649350649350649,0,0.659090909090909,0.620689655172414,0.626666666666667,0.626506024096386,0.483516483516484,0.0434782608695652,0.493333333333333,0.578313253012048,0.629213483146067,0.586206896551724,0.636363636363636,0.49438202247191,0.580246913580247,0.592592592592593,0.149253731343284,0.526315789473684,0.55952380952381,0.564102564102564,0.536585365853659,0.488095238095238,0.5,0.0123456790123457,0.0133333333333333,0.0125,0.0128205128205128,0.0131578947368421
"A093",0.705263157894737,0.566666666666667,0.659090909090909,0,0.761363636363636,0.6,0.655555555555556,0.655555555555556,0.0487804878048781,0.431818181818182,0.647727272727273,0.786516853932584,0.67032967032967,0.736263736263736,0.670454545454545,0.632183908045977,0.571428571428571,0.123456790123457,0.529411764705882,0.629213483146067,0.563218390804598,0.647058823529412,0.561797752808989,0.622222222222222,0.129411764705882,0.125,0.130952380952381,0.120481927710843,0.123456790123457
"1338",0.706521739130435,0.581395348837209,0.620689655172414,0.761363636363636,0,0.55952380952381,0.694117647058824,0.674418604651163,0.0253164556962025,0.457831325301205,0.666666666666667,0.790697674418605,0.729411764705882,0.758620689655172,0.595505617977528,0.611764705882353,0.550561797752809,0.116883116883117,0.54320987654321,0.666666666666667,0.6375,0.6875,0.634146341463415,0.698795180722892,0.1375,0.118421052631579,0.139240506329114,0.128205128205128,0.116883116883117
"E89B",0.623529411764706,0.5,0.626666666666667,0.6,0.55952380952381,0,0.644736842105263,0.602564102564103,0,0.545454545454545,0.613333333333333,0.551724137931034,0.641025641025641,0.558139534883721,0.576923076923077,0.638888888888889,0.652777777777778,0.116666666666667,0.682539682539683,0.635135135135135,0.723076923076923,0.681159420289855,0.575342465753425,0.564102564102564,0.0434782608695652,0.0476190476190476,0.0441176470588235,0.0454545454545455,0.046875
"238E",0.735632183908046,0.547619047619048,0.626506024096386,0.655555555555556,0.694117647058824,0.644736842105263,0,0.642857142857143,0.0135135135135135,0.4375,0.675,0.701149425287356,0.658823529411765,0.633333333333333,0.545454545454545,0.617283950617284,0.609756097560976,0.126760563380282,0.586666666666667,0.614457831325301,0.689189189189189,0.632911392405063,0.580246913580247,0.607142857142857,0.103896103896104,0.0675675675675676,0.0909090909090909,0.108108108108108,0.0666666666666667
"4107",0.641304347826087,0.444444444444444,0.483516483516484,0.655555555555556,0.674418604651163,0.602564102564103,0.642857142857143,0,0.0135135135135135,0.4375,0.675,0.591397849462366,0.63953488372093,0.633333333333333,0.581395348837209,0.6375,0.609756097560976,0.142857142857143,0.586666666666667,0.69620253164557,0.623376623376623,0.697368421052632,0.641025641025641,0.607142857142857,0.180555555555556,0.144927536231884,0.166666666666667,0.171428571428571,0.142857142857143
"F886",0.0114942528735632,0.0806451612903226,0.0434782608695652,0.0487804878048781,0.0253164556962025,0,0.0135135135135135,0.0135135135135135,0,0.0196078431372549,0,0.0493827160493827,0.012987012987013,0.0632911392405063,0.0428571428571429,0.0149253731343284,0.0147058823529412,0,0,0,0,0,0,0,0,0,0,0,0
"5EBF3C",0.454545454545455,0.646153846153846,0.493333333333333,0.431818181818182,0.457831325301205,0.545454545454545,0.4375,0.4375,0.0196078431372549,0,0.441558441558442,0.453488372093023,0.45679012345679,0.441860465116279,0.4125,0.421052631578947,0.453333333333333,0.163265306122449,0.454545454545455,0.520547945205479,0.59375,0.536231884057971,0.381578947368421,0.382716049382716,0,0,0,0,0
"5440",0.633333333333333,0.448275862068966,0.578313253012048,0.647727272727273,0.666666666666667,0.613333333333333,0.675,0.675,0,0.441558441558442,0,0.655172413793103,0.670731707317073,0.662790697674419,0.571428571428571,0.649350649350649,0.560975609756098,0.101449275362319,0.575342465753425,0.710526315789474,0.613333333333333,0.712328767123288,0.722222222222222,0.597560975609756,0.140845070422535,0.102941176470588,0.126760563380282,0.130434782608696,0.0857142857142857
"1E39",0.712765957446808,0.609195402298851,0.629213483146067,0.786516853932584,0.790697674418605,0.551724137931034,0.701149425287356,0.591397849462366,0.0493827160493827,0.453488372093023,0.655172413793103,0,0.659340659340659,0.764044943820225,0.622222222222222,0.678571428571429,0.577777777777778,0.0975609756097561,0.517647058823529,0.6,0.626506024096386,0.635294117647059,0.623529411764706,0.686046511627907,0.130952380952381,0.1125,0.132530120481928,0.121951219512195,0.0975609756097561
"94D3",0.673913043478261,0.49438202247191,0.586206896551724,0.67032967032967,0.729411764705882,0.641025641025641,0.658823529411765,0.63953488372093,0.012987012987013,0.45679012345679,0.670731707317073,0.659340659340659,0,0.724137931034483,0.654761904761905,0.614457831325301,0.588235294117647,0.106666666666667,0.564102564102564,0.7125,0.662337662337662,0.714285714285714,0.658227848101266,0.642857142857143,0.128205128205128,0.123287671232877,0.12987012987013,0.118421052631579,0.121621621621622
"2562",0.758241758241758,0.527472527472527,0.636363636363636,0.736263736263736,0.758620689655172,0.558139534883721,0.633333333333333,0.633333333333333,0.0632911392405063,0.441860465116279,0.662790697674419,0.764044943820225,0.724137931034483,0,0.686046511627907,0.707317073170732,0.63953488372093,0.0987654320987654,0.523809523809524,0.702380952380952,0.595238095238095,0.662650602409639,0.650602409638554,0.655172413793103,0.175,0.128205128205128,0.1625,0.151898734177215,0.1125
"FBF5",0.602150537634409,0.406593406593407,0.49438202247191,0.670454545454545,0.595505617977528,0.576923076923077,0.545454545454545,0.581395348837209,0.0428571428571429,0.4125,0.571428571428571,0.622222222222222,0.654761904761905,0.686046511627907,0,0.653846153846154,0.566265060240964,0.0833333333333333,0.56,0.62962962962963,0.5375,0.628205128205128,0.615384615384615,0.546511627906977,0.185714285714286,0.149253731343284,0.171428571428571,0.159420289855072,0.147058823529412
"110D",0.674418604651163,0.413793103448276,0.580246913580247,0.632183908045977,0.611764705882353,0.638888888888889,0.617283950617284,0.6375,0.0149253731343284,0.421052631578947,0.649350649350649,0.678571428571429,0.614457831325301,0.707317073170732,0.653846153846154,0,0.689189189189189,0.0895522388059701,0.577464788732394,0.716216216216216,0.616438356164384,0.694444444444444,0.704225352112676,0.580246913580247,0.181818181818182,0.142857142857143,0.184615384615385,0.171875,0.140625
"ED72",0.666666666666667,0.493975903614458,0.592592592592593,0.571428571428571,0.550561797752809,0.652777777777778,0.609756097560976,0.609756097560976,0.0147058823529412,0.453333333333333,0.560975609756098,0.577777777777778,0.588235294117647,0.63953488372093,0.566265060240964,0.689189189189189,0,0.121212121212121,0.63768115942029,0.641025641025641,0.608108108108108,0.618421052631579,0.544303797468354,0.592592592592593,0.112676056338028,0.0735294117647059,0.114285714285714,0.0857142857142857,0.072463768115942
"9900",0.120481927710843,0.180327868852459,0.149253731343284,0.123456790123457,0.116883116883117,0.116666666666667,0.126760563380282,0.142857142857143,0,0.163265306122449,0.101449275362319,0.0975609756097561,0.106666666666667,0.0987654320987654,0.0833333333333333,0.0895522388059701,0.121212121212121,0,0.109090909090909,0.117647058823529,0.116666666666667,0.0923076923076923,0.0294117647058824,0.0405405405405405,0,0,0,0,0
"FA5B",0.534883720930233,0.40506329113924,0.526315789473684,0.529411764705882,0.54320987654321,0.682539682539683,0.586666666666667,0.586666666666667,0,0.454545454545455,0.575342465753425,0.517647058823529,0.564102564102564,0.523809523809524,0.56,0.577464788732394,0.63768115942029,0.109090909090909,0,0.554054054054054,0.606060606060606,0.666666666666667,0.513888888888889,0.546666666666667,0.0819672131147541,0.0909090909090909,0.0833333333333333,0.0862068965517241,0.0701754385964912
"1A0D",0.709302325581395,0.465116279069767,0.55952380952381,0.629213483146067,0.666666666666667,0.635135135135135,0.614457831325301,0.69620253164557,0,0.520547945205479,0.710526315789474,0.6,0.7125,0.702380952380952,0.62962962962963,0.716216216216216,0.641025641025641,0.117647058823529,0.554054054054054,0,0.704225352112676,0.736111111111111,0.722222222222222,0.597560975609756,0.191176470588235,0.136363636363636,0.176470588235294,0.164179104477612,0.151515151515152
"0832",0.604651162790698,0.5,0.564102564102564,0.563218390804598,0.6375,0.723076923076923,0.689189189189189,0.623376623376623,0,0.59375,0.613333333333333,0.626506024096386,0.662337662337662,0.595238095238095,0.5375,0.616438356164384,0.608108108108108,0.116666666666667,0.606060606060606,0.704225352112676,0,0.73134328358209,0.619718309859155,0.626666666666667,0.0588235294117647,0.0645161290322581,0.0597014925373134,0.0615384615384615,0.0634920634920635
"A4F8",0.613636363636364,0.44047619047619,0.536585365853659,0.647058823529412,0.6875,0.681159420289855,0.632911392405063,0.697368421052632,0,0.536231884057971,0.712328767123288,0.635294117647059,0.714285714285714,0.662650602409639,0.628205128205128,0.694444444444444,0.618421052631579,0.0923076923076923,0.666666666666667,0.736111111111111,0.73134328358209,0,0.72463768115942,0.615384615384615,0.134328358208955,0.147540983606557,0.136363636363636,0.140625,0.126984126984127
"8712",0.602272727272727,0.363636363636364,0.488095238095238,0.561797752808989,0.634146341463415,0.575342465753425,0.580246913580247,0.641025641025641,0,0.381578947368421,0.722222222222222,0.623529411764706,0.658227848101266,0.650602409638554,0.615384615384615,0.704225352112676,0.544303797468354,0.0294117647058824,0.513888888888889,0.722222222222222,0.619718309859155,0.72463768115942,0,0.623376623376623,0.209677419354839,0.169491525423729,0.193548387096774,0.2,0.147540983606557
"D8F5",0.644444444444444,0.476744186046512,0.5,0.622222222222222,0.698795180722892,0.564102564102564,0.607142857142857,0.607142857142857,0,0.382716049382716,0.597560975609756,0.686046511627907,0.642857142857143,0.655172413793103,0.546511627906977,0.580246913580247,0.592592592592593,0.0405405405405405,0.546666666666667,0.597560975609756,0.626666666666667,0.615384615384615,0.623376623376623,0,0.138888888888889,0.117647058823529,0.140845070422535,0.128571428571429,0.1
"4999",0.152941176470588,0,0.0123456790123457,0.129411764705882,0.1375,0.0434782608695652,0.103896103896104,0.180555555555556,0,0,0.140845070422535,0.130952380952381,0.128205128205128,0.175,0.185714285714286,0.181818181818182,0.112676056338028,0,0.0819672131147541,0.191176470588235,0.0588235294117647,0.134328358208955,0.209677419354839,0.138888888888889,0,0.625,0.9375,0.8125,0.6875
"101F",0.0952380952380952,0,0.0133333333333333,0.125,0.118421052631579,0.0476190476190476,0.0675675675675676,0.144927536231884,0,0,0.102941176470588,0.1125,0.123287671232877,0.128205128205128,0.149253731343284,0.142857142857143,0.0735294117647059,0,0.0909090909090909,0.136363636363636,0.0645161290322581,0.147540983606557,0.169491525423729,0.117647058823529,0.625,0,0.666666666666667,0.769230769230769,0.75
"A1CE",0.141176470588235,0,0.0125,0.130952380952381,0.139240506329114,0.0441176470588235,0.0909090909090909,0.166666666666667,0,0,0.126760563380282,0.132530120481928,0.12987012987013,0.1625,0.171428571428571,0.184615384615385,0.114285714285714,0,0.0833333333333333,0.176470588235294,0.0597014925373134,0.136363636363636,0.193548387096774,0.140845070422535,0.9375,0.666666666666667,0,0.75,0.733333333333333
"EDDE",0.130952380952381,0,0.0128205128205128,0.120481927710843,0.128205128205128,0.0454545454545455,0.108108108108108,0.171428571428571,0,0,0.130434782608696,0.121951219512195,0.118421052631579,0.151898734177215,0.159420289855072,0.171875,0.0857142857142857,0,0.0862068965517241,0.164179104477612,0.0615384615384615,0.140625,0.2,0.128571428571429,0.8125,0.769230769230769,0.75,0,0.714285714285714
"B5F7",0.0941176470588235,0,0.0131578947368421,0.123456790123457,0.116883116883117,0.046875,0.0666666666666667,0.142857142857143,0,0,0.0857142857142857,0.0975609756097561,0.121621621621622,0.1125,0.147058823529412,0.140625,0.072463768115942,0,0.0701754385964912,0.151515151515152,0.0634920634920635,0.126984126984127,0.147540983606557,0.1,0.6875,0.75,0.733333333333333,0.714285714285714,0
