"","4D10","5440","A4F8","1338","238E","4107","110D","8712","E89B","1E39","1A0D","94D3","0832","2562","ED72","D8F5","FBF5","D6CC","4999","EDDE","A1CE","B5F7","101F","50FB","B311","F6AA"
"4D10",0,0.010752688172043,0.0136986301369863,0.010989010989011,0.0120481927710843,0.0144927536231884,0.010989010989011,0,0,0,0,0,0,0,0,0,0,0,0,0,0,0,0,0,0,0
"5440",0.010752688172043,0,0.693877551020408,0.719626168224299,0.585585585585586,0.421052631578947,0.6,0.478260869565217,0.747663551401869,0.63302752293578,0.467213114754098,0.508771929824561,0.346938775510204,0.646551724137931,0.401869158878505,0.495726495726496,0.521367521367521,0.0212765957446809,0.444444444444444,0.383928571428571,0.440677966101695,0.552631578947368,0.322314049586777,0.207920792079208,0.232323232323232,0.230769230769231
"A4F8",0.0136986301369863,0.693877551020408,0,0.607843137254902,0.514563106796116,0.42,0.490909090909091,0.442307692307692,0.653465346534653,0.58,0.394736842105263,0.420560747663551,0.349397590361446,0.554545454545455,0.41304347826087,0.476190476190476,0.44954128440367,0.027027027027027,0.419047619047619,0.377551020408163,0.428571428571429,0.467289719626168,0.346153846153846,0.186046511627907,0.146067415730337,0.148936170212766
"1338",0.010989010989011,0.719626168224299,0.607843137254902,0,0.705882352941177,0.415929203539823,0.669724770642202,0.460869565217391,0.745283018867924,0.676190476190476,0.5,0.545454545454545,0.326530612244898,0.718181818181818,0.494949494949495,0.663461538461538,0.530434782608696,0.0217391304347826,0.504504504504504,0.416666666666667,0.473684210526316,0.590909090909091,0.423423423423423,0.212121212121212,0.224489795918367,0.211538461538462
"238E",0.0120481927710843,0.585585585585586,0.514563106796116,0.705882352941177,0,0.461538461538462,0.596330275229358,0.467889908256881,0.718446601941748,0.6,0.482456140350877,0.446428571428571,0.297872340425532,0.587719298245614,0.48936170212766,0.556603773584906,0.4,0.0238095238095238,0.472222222222222,0.380952380952381,0.415929203539823,0.47787610619469,0.376146788990826,0.131313131313131,0.154639175257732,0.145631067961165
"4107",0.0144927536231884,0.421052631578947,0.42,0.415929203539823,0.461538461538462,0,0.428571428571429,0.604395604395604,0.442477876106195,0.480769230769231,0.519607843137255,0.39622641509434,0.402597402597403,0.452173913043478,0.482352941176471,0.466019417475728,0.480769230769231,0.0285714285714286,0.559139784946237,0.423913043478261,0.536842105263158,0.403669724770642,0.528089887640449,0.0103092783505155,0.0315789473684211,0.0297029702970297
"110D",0.010989010989011,0.6,0.490909090909091,0.669724770642202,0.596330275229358,0.428571428571429,0,0.448275862068966,0.608695652173913,0.557522123893805,0.5,0.531531531531532,0.287128712871287,0.629310344827586,0.450980392156863,0.587155963302752,0.585585585585586,0.0217391304347826,0.518181818181818,0.485436893203884,0.6,0.605504587155963,0.476635514018692,0.237113402061856,0.276595744680851,0.285714285714286
"8712",0,0.478260869565217,0.442307692307692,0.460869565217391,0.467889908256881,0.604395604395604,0.448275862068966,0,0.474137931034483,0.486238532110092,0.613861386138614,0.444444444444444,0.397590361445783,0.483050847457627,0.456521739130435,0.472222222222222,0.528301886792453,0.0256410256410256,0.471153846153846,0.376237623762376,0.509803921568627,0.477064220183486,0.44,0.0495049504950495,0.0816326530612245,0.0666666666666667
"E89B",0,0.747663551401869,0.653465346534653,0.745283018867924,0.718446601941748,0.442477876106195,0.608695652173913,0.474137931034483,0,0.721153846153846,0.5,0.491379310344828,0.33,0.655172413793103,0.466019417475728,0.585585585585586,0.504201680672269,0.0210526315789474,0.531531531531532,0.368421052631579,0.436974789915966,0.53448275862069,0.376068376068376,0.23,0.194174757281553,0.194444444444444
"1E39",0,0.63302752293578,0.58,0.676190476190476,0.6,0.480769230769231,0.557522123893805,0.486238532110092,0.721153846153846,0,0.5,0.477477477477477,0.347826086956522,0.633928571428571,0.526881720430108,0.686868686868687,0.559633027522936,0.0232558139534884,0.563106796116505,0.5,0.5,0.508928571428571,0.433962264150943,0.151515151515152,0.128712871287129,0.132075471698113
"1A0D",0,0.467213114754098,0.394736842105263,0.5,0.482456140350877,0.519607843137255,0.5,0.613861386138614,0.5,0.5,0,0.5,0.373626373626374,0.559322033898305,0.444444444444444,0.541284403669725,0.554545454545455,0.0229885057471264,0.557692307692308,0.450980392156863,0.598039215686274,0.517857142857143,0.545454545454545,0.127450980392157,0.161616161616162,0.152380952380952
"94D3",0,0.508771929824561,0.420560747663551,0.545454545454545,0.446428571428571,0.39622641509434,0.531531531531532,0.444444444444444,0.491379310344828,0.477477477477477,0.5,0,0.325842696629214,0.5,0.295238095238095,0.463636363636364,0.504587155963303,0.0379746835443038,0.422018348623853,0.41,0.514563106796116,0.537735849056604,0.41747572815534,0.2,0.173913043478261,0.1875
"0832",0,0.346938775510204,0.349397590361446,0.326530612244898,0.297872340425532,0.402597402597403,0.287128712871287,0.397590361445783,0.33,0.347826086956522,0.373626373626374,0.325842696629214,0,0.304761904761905,0.476923076923077,0.32967032967033,0.347826086956522,0.05,0.402439024390244,0.346666666666667,0.414634146341463,0.32258064516129,0.325,0,0,0
"2562",0,0.646551724137931,0.554545454545455,0.718181818181818,0.587719298245614,0.452173913043478,0.629310344827586,0.483050847457627,0.655172413793103,0.633928571428571,0.559322033898305,0.5,0.304761904761905,0,0.435185185185185,0.621621621621622,0.577586206896552,0.0202020202020202,0.539823008849557,0.391304347826087,0.508620689655172,0.555555555555556,0.473214285714286,0.19811320754717,0.233009708737864,0.266666666666667
"ED72",0,0.401869158878505,0.41304347826087,0.494949494949495,0.48936170212766,0.482352941176471,0.450980392156863,0.456521739130435,0.466019417475728,0.526881720430108,0.444444444444444,0.295238095238095,0.476923076923077,0.435185185185185,0,0.463157894736842,0.434343434343434,0.0344827586206897,0.511363636363636,0.367816091954023,0.440860215053763,0.342857142857143,0.393258426966292,0,0,0
"D8F5",0,0.495726495726496,0.476190476190476,0.663461538461538,0.556603773584906,0.466019417475728,0.587155963302752,0.472222222222222,0.585585585585586,0.686868686868687,0.541284403669725,0.463636363636364,0.32967032967033,0.621621621621622,0.463157894736842,0,0.605769230769231,0.0119047619047619,0.58,0.617977528089888,0.543689320388349,0.596153846153846,0.585106382978723,0.13265306122449,0.168421052631579,0.147058823529412
"FBF5",0,0.521367521367521,0.44954128440367,0.530434782608696,0.4,0.480769230769231,0.585585585585586,0.528301886792453,0.504201680672269,0.559633027522936,0.554545454545455,0.504587155963303,0.347826086956522,0.577586206896552,0.434343434343434,0.605769230769231,0,0.0352941176470588,0.548076923076923,0.53125,0.603960396039604,0.579439252336449,0.490196078431373,0.151515151515152,0.1875,0.2
"D6CC",0,0.0212765957446809,0.027027027027027,0.0217391304347826,0.0238095238095238,0.0285714285714286,0.0217391304347826,0.0256410256410256,0.0210526315789474,0.0232558139534884,0.0229885057471264,0.0379746835443038,0.05,0.0202020202020202,0.0344827586206897,0.0119047619047619,0.0352941176470588,0,0.025974025974026,0.015625,0.0126582278481013,0.0116279069767442,0,0,0,0
"4999",0,0.444444444444444,0.419047619047619,0.504504504504504,0.472222222222222,0.559139784946237,0.518181818181818,0.471153846153846,0.531531531531532,0.563106796116505,0.557692307692308,0.422018348623853,0.402439024390244,0.539823008849557,0.511363636363636,0.58,0.548076923076923,0.025974025974026,0,0.5,0.514851485148515,0.495327102803738,0.571428571428571,0.09375,0.0824742268041237,0.099009900990099
"EDDE",0,0.383928571428571,0.377551020408163,0.416666666666667,0.380952380952381,0.423913043478261,0.485436893203884,0.376237623762376,0.368421052631579,0.5,0.450980392156863,0.41,0.346666666666667,0.391304347826087,0.367816091954023,0.617977528089888,0.53125,0.015625,0.5,0,0.544444444444444,0.489795918367347,0.573170731707317,0.0833333333333333,0.109756097560976,0.102272727272727
"A1CE",0,0.440677966101695,0.428571428571429,0.473684210526316,0.415929203539823,0.536842105263158,0.6,0.509803921568627,0.436974789915966,0.5,0.598039215686274,0.514563106796116,0.414634146341463,0.508620689655172,0.440860215053763,0.543689320388349,0.603960396039604,0.0126582278481013,0.514851485148515,0.544444444444444,0,0.57843137254902,0.6,0.139784946236559,0.139784946236559,0.142857142857143
"B5F7",0,0.552631578947368,0.467289719626168,0.590909090909091,0.47787610619469,0.403669724770642,0.605504587155963,0.477064220183486,0.53448275862069,0.508928571428571,0.517857142857143,0.537735849056604,0.32258064516129,0.555555555555556,0.342857142857143,0.596153846153846,0.579439252336449,0.0116279069767442,0.495327102803738,0.489795918367347,0.57843137254902,0,0.51,0.228260869565217,0.21505376344086,0.22680412371134
"101F",0,0.322314049586777,0.346153846153846,0.423423423423423,0.376146788990826,0.528089887640449,0.476635514018692,0.44,0.376068376068376,0.433962264150943,0.545454545454545,0.41747572815534,0.325,0.473214285714286,0.393258426966292,0.585106382978723,0.490196078431373,0,0.571428571428571,0.573170731707317,0.6,0.51,0,0.0909090909090909,0.103448275862069,0.0967741935483871
"50FB",0,0.207920792079208,0.186046511627907,0.212121212121212,0.131313131313131,0.0103092783505155,0.237113402061856,0.0495049504950495,0.23,0.151515151515152,0.127450980392157,0.2,0,0.19811320754717,0,0.13265306122449,0.151515151515152,0,0.09375,0.0833333333333333,0.139784946236559,0.228260869565217,0.0909090909090909,0,0.611111111111111,0.684210526315789
"B311",0,0.232323232323232,0.146067415730337,0.224489795918367,0.154639175257732,0.0315789473684211,0.276595744680851,0.0816326530612245,0.194174757281553,0.128712871287129,0.161616161616162,0.173913043478261,0,0.233009708737864,0,0.168421052631579,0.1875,0,0.0824742268041237,0.109756097560976,0.139784946236559,0.21505376344086,0.103448275862069,0.611111111111111,0,0.777777777777778
"F6AA",0,0.230769230769231,0.148936170212766,0.211538461538462,0.145631067961165,0.0297029702970297,0.285714285714286,0.0666666666666667,0.194444444444444,0.132075471698113,0.152380952380952,0.1875,0,0.266666666666667,0,0.147058823529412,0.2,0,0.099009900990099,0.102272727272727,0.142857142857143,0.22680412371134,0.0967741935483871,0.684210526315789,0.777777777777778,0
