"","1A0D","94D3","5440","1338","E89B","238E","4107","110D","1E39","2562","D8F5","4999","EDDE","B5F7","101F","50FB","F6AA","A4F8","8712","A1CE","B311","7789","48AB","F50E","A41C"
"1A0D",0,0.148514851485149,0.609090909090909,0.216981132075472,0.616822429906542,0.63963963963964,0.783783783783784,0.722222222222222,0.672727272727273,0.736842105263158,0.684684684684685,0.820754716981132,0.588785046728972,0.581818181818182,0.669642857142857,0.691588785046729,0.223300970873786,0.642201834862385,0.194174757281553,0.731481481481482,0.539823008849557,0.08,0.148514851485149,0.099009900990099,0.178217821782178
"94D3",0.148514851485149,0,0.1625,0.551724137931034,0.126582278481013,0.113636363636364,0.151515151515152,0.120879120879121,0.149425287356322,0.128712871287129,0.119565217391304,0.112244897959184,0.131578947368421,0.168831168831169,0.119565217391304,0.114942528735632,0.448275862068966,0.117647058823529,0.3,0.0842105263157895,0.0588235294117647,0,0,0,0
"5440",0.609090909090909,0.1625,0,0.232558139534884,0.648351648351648,0.728260869565217,0.666666666666667,0.58252427184466,0.712765957446808,0.699029126213592,0.763440860215054,0.619047619047619,0.651685393258427,0.715909090909091,0.673469387755102,0.698924731182796,0.197674418604651,0.733333333333333,0.149425287356322,0.561904761904762,0.659340659340659,0.0365853658536585,0.0333333333333333,0.0476190476190476,0.0434782608695652
"1338",0.216981132075472,0.551724137931034,0.232558139534884,0,0.2,0.21978021978022,0.221153846153846,0.197916666666667,0.241758241758242,0.221153846153846,0.234042553191489,0.184466019417476,0.192771084337349,0.271604938271605,0.234042553191489,0.235955056179775,0.617647058823529,0.213483146067416,0.485714285714286,0.171717171717172,0.157303370786517,0,0,0,0
"E89B",0.616822429906542,0.126582278481013,0.648351648351648,0.2,0,0.631578947368421,0.568807339449541,0.606060606060606,0.670212765957447,0.613207547169811,0.63265306122449,0.596153846153846,0.625,0.597826086956522,0.63265306122449,0.673913043478261,0.222222222222222,0.67032967032967,0.170731707317073,0.553398058252427,0.633333333333333,0.051948051948052,0.0595238095238095,0.0632911392405063,0.0823529411764706
"238E",0.63963963963964,0.113636363636364,0.728260869565217,0.21978021978022,0.631578947368421,0,0.666666666666667,0.647058823529412,0.711340206185567,0.714285714285714,0.742268041237113,0.62037037037037,0.6,0.608247422680412,0.707070707070707,0.734042553191489,0.186813186813187,0.712765957446808,0.193181818181818,0.594339622641509,0.67741935483871,0.0843373493975904,0.0769230769230769,0.0941176470588235,0.0978260869565217
"4107",0.783783783783784,0.151515151515152,0.666666666666667,0.221153846153846,0.568807339449541,0.666666666666667,0,0.719626168224299,0.63963963963964,0.75,0.651785714285714,0.752293577981651,0.570093457943925,0.592592592592593,0.697247706422018,0.657407407407407,0.180952380952381,0.623853211009174,0.198019801980198,0.712962962962963,0.577981651376147,0.0707070707070707,0.151515151515152,0.101010101010101,0.17
"110D",0.722222222222222,0.120879120879121,0.58252427184466,0.197916666666667,0.606060606060606,0.647058823529412,0.719626168224299,0,0.619047619047619,0.688073394495413,0.601851851851852,0.688679245283019,0.485714285714286,0.584158415841584,0.663461538461538,0.67,0.217391304347826,0.633663366336634,0.197802197802198,0.647619047619048,0.584158415841584,0.0681818181818182,0.146067415730337,0.102272727272727,0.179775280898876
"1E39",0.672727272727273,0.149425287356322,0.712765957446808,0.241758241758242,0.670212765957447,0.711340206185567,0.63963963963964,0.619047619047619,0,0.685185185185185,0.762886597938144,0.623853211009174,0.571428571428571,0.698924731182796,0.660194174757282,0.701030927835051,0.222222222222222,0.715789473684211,0.175824175824176,0.613207547169811,0.680851063829787,0.0823529411764706,0.0869565217391304,0.104651162790698,0.0957446808510638
"2562",0.736842105263158,0.128712871287129,0.699029126213592,0.221153846153846,0.613207547169811,0.714285714285714,0.75,0.688073394495413,0.685185185185185,0,0.728971962616822,0.752293577981651,0.584905660377358,0.622641509433962,0.813725490196078,0.688679245283019,0.192307692307692,0.638888888888889,0.174757281553398,0.712962962962963,0.653846153846154,0.0816326530612245,0.117647058823529,0.101010101010101,0.147058823529412
"D8F5",0.684684684684685,0.119565217391304,0.763440860215054,0.234042553191489,0.63265306122449,0.742268041237113,0.651785714285714,0.601851851851852,0.762886597938144,0.728971962616822,0,0.682242990654206,0.670212765957447,0.694736842105263,0.775510204081633,0.731958762886598,0.21505376344086,0.765957446808511,0.182795698924731,0.641509433962264,0.712765957446808,0.0795454545454545,0.0729166666666667,0.0888888888888889,0.0816326530612245
"4999",0.820754716981132,0.112244897959184,0.619047619047619,0.184466019417476,0.596153846153846,0.62037037037037,0.752293577981651,0.688679245283019,0.623853211009174,0.752293577981651,0.682242990654206,0,0.598039215686274,0.560747663551402,0.69811320754717,0.657142857142857,0.202020202020202,0.622641509433962,0.171717171717172,0.730769230769231,0.575471698113208,0.0860215053763441,0.147368421052632,0.118279569892473,0.191489361702128
"EDDE",0.588785046728972,0.131578947368421,0.651685393258427,0.192771084337349,0.625,0.6,0.570093457943925,0.485714285714286,0.571428571428571,0.584905660377358,0.670212765957447,0.598039215686274,0,0.582417582417582,0.635416666666667,0.606382978723404,0.230769230769231,0.619565217391304,0.192307692307692,0.509615384615385,0.582417582417582,0.0263157894736842,0.0238095238095238,0.0253164556962025,0.0229885057471264
"B5F7",0.581818181818182,0.168831168831169,0.715909090909091,0.271604938271605,0.597826086956522,0.608247422680412,0.592592592592593,0.584158415841584,0.698924731182796,0.622641509433962,0.694736842105263,0.560747663551402,0.582417582417582,0,0.61,0.614583333333333,0.265822784810127,0.7,0.154761904761905,0.548076923076923,0.644444444444444,0.0123456790123457,0.0227272727272727,0.0119047619047619,0.0108695652173913
"101F",0.669642857142857,0.119565217391304,0.673469387755102,0.234042553191489,0.63265306122449,0.707070707070707,0.697247706422018,0.663461538461538,0.660194174757282,0.813725490196078,0.775510204081633,0.69811320754717,0.635416666666667,0.61,0,0.696969696969697,0.21505376344086,0.676767676767677,0.208791208791209,0.673076923076923,0.677083333333333,0.0795454545454545,0.0957446808510638,0.0888888888888889,0.115789473684211
"50FB",0.691588785046729,0.114942528735632,0.698924731182796,0.235955056179775,0.673913043478261,0.734042553191489,0.657407407407407,0.67,0.701030927835051,0.688679245283019,0.731958762886598,0.657142857142857,0.606382978723404,0.614583333333333,0.696969696969697,0,0.215909090909091,0.739130434782609,0.181818181818182,0.647058823529412,0.684782608695652,0.0853658536585366,0.0777777777777778,0.0823529411764706,0.0752688172043011
"F6AA",0.223300970873786,0.448275862068966,0.197674418604651,0.617647058823529,0.222222222222222,0.186813186813187,0.180952380952381,0.217391304347826,0.222222222222222,0.192307692307692,0.21505376344086,0.202020202020202,0.230769230769231,0.265822784810127,0.21505376344086,0.215909090909091,0,0.193181818181818,0.484848484848485,0.153061224489796,0.162790697674419,0,0,0,0
"A4F8",0.642201834862385,0.117647058823529,0.733333333333333,0.213483146067416,0.67032967032967,0.712765957446808,0.623853211009174,0.633663366336634,0.715789473684211,0.638888888888889,0.765957446808511,0.622641509433962,0.619565217391304,0.7,0.676767676767677,0.739130434782609,0.193181818181818,0,0.186046511627907,0.580952380952381,0.719101123595506,0.0609756097560976,0.0555555555555556,0.0588235294117647,0.0537634408602151
"8712",0.194174757281553,0.3,0.149425287356322,0.485714285714286,0.170731707317073,0.193181818181818,0.198019801980198,0.197802197802198,0.175824175824176,0.174757281553398,0.182795698924731,0.171717171717172,0.192307692307692,0.154761904761905,0.208791208791209,0.181818181818182,0.484848484848485,0.186046511627907,0,0.170212765957447,0.127906976744186,0,0,0,0
"A1CE",0.731481481481482,0.0842105263157895,0.561904761904762,0.171717171717172,0.553398058252427,0.594339622641509,0.712962962962963,0.647619047619048,0.613207547169811,0.712962962962963,0.641509433962264,0.730769230769231,0.509615384615385,0.548076923076923,0.673076923076923,0.647058823529412,0.153061224489796,0.580952380952381,0.170212765957447,0,0.533333333333333,0.0795454545454545,0.144444444444444,0.101123595505618,0.164835164835165
"B311",0.539823008849557,0.0588235294117647,0.659340659340659,0.157303370786517,0.633333333333333,0.67741935483871,0.577981651376147,0.584158415841584,0.680851063829787,0.653846153846154,0.712765957446808,0.575471698113208,0.582417582417582,0.644444444444444,0.677083333333333,0.684782608695652,0.162790697674419,0.719101123595506,0.127906976744186,0.533333333333333,0,0.0933333333333333,0.0843373493975904,0.0897435897435897,0.0813953488372093
"7789",0.08,0,0.0365853658536585,0,0.051948051948052,0.0843373493975904,0.0707070707070707,0.0681818181818182,0.0823529411764706,0.0816326530612245,0.0795454545454545,0.0860215053763441,0.0263157894736842,0.0123456790123457,0.0795454545454545,0.0853658536585366,0,0.0609756097560976,0,0.0795454545454545,0.0933333333333333,0,0.5,0.727272727272727,0.421052631578947
"48AB",0.148514851485149,0,0.0333333333333333,0,0.0595238095238095,0.0769230769230769,0.151515151515152,0.146067415730337,0.0869565217391304,0.117647058823529,0.0729166666666667,0.147368421052632,0.0238095238095238,0.0227272727272727,0.0957446808510638,0.0777777777777778,0,0.0555555555555556,0,0.144444444444444,0.0843373493975904,0.5,0,0.588235294117647,0.75
"F50E",0.099009900990099,0,0.0476190476190476,0,0.0632911392405063,0.0941176470588235,0.101010101010101,0.102272727272727,0.104651162790698,0.101010101010101,0.0888888888888889,0.118279569892473,0.0253164556962025,0.0119047619047619,0.0888888888888889,0.0823529411764706,0,0.0588235294117647,0,0.101123595505618,0.0897435897435897,0.727272727272727,0.588235294117647,0,0.578947368421053
"A41C",0.178217821782178,0,0.0434782608695652,0,0.0823529411764706,0.0978260869565217,0.17,0.179775280898876,0.0957446808510638,0.147058823529412,0.0816326530612245,0.191489361702128,0.0229885057471264,0.0108695652173913,0.115789473684211,0.0752688172043011,0,0.0537634408602151,0,0.164835164835165,0.0813953488372093,0.421052631578947,0.75,0.578947368421053,0
