"","238E","2562","A1CE","EDDE","101F","1A0D","5440","A4F8","E89B","4107","110D","1E39","D8F5","4999","B5F7","B311","50FB","7789","48AB","F50E","A41C","ED95","CF71","D3B0","100F","8E4B","8EBE"
"238E",0,0.661016949152542,0.563636363636364,0.651785714285714,0.596330275229358,0.528,0.63963963963964,0.555555555555556,0.63716814159292,0.0816326530612245,0.559322033898305,0.608333333333333,0.628099173553719,0.560344827586207,0.560975609756098,0.579831932773109,0.152380952380952,0.652542372881356,0.629310344827586,0.547008547008547,0.469565217391304,0.128440366972477,0.14018691588785,0.135135135135135,0.0776699029126214,0.0315789473684211,0.114285714285714
"2562",0.661016949152542,0,0.525423728813559,0.64957264957265,0.596491228070175,0.644628099173554,0.610169491525424,0.491525423728814,0.635593220338983,0.0754716981132075,0.641025641025641,0.608,0.576923076923077,0.643478260869565,0.574803149606299,0.53125,0.172727272727273,0.624,0.71304347826087,0.601694915254237,0.5,0.139130434782609,0.150442477876106,0.175438596491228,0.11214953271028,0.0392156862745098,0.157407407407407
"A1CE",0.563636363636364,0.525423728813559,0,0.564814814814815,0.462962962962963,0.446280991735537,0.495495495495495,0.433962264150943,0.522522522522523,0.0843373493975904,0.486725663716814,0.512820512820513,0.560344827586207,0.5,0.585585585585586,0.495652173913044,0.141304347826087,0.52991452991453,0.558558558558559,0.486486486486487,0.390909090909091,0.175824175824176,0.152173913043478,0.145833333333333,0.0919540229885057,0,0.10989010989011
"EDDE",0.651785714285714,0.64957264957265,0.564814814814815,0,0.526785714285714,0.620689655172414,0.612612612612613,0.486486486486487,0.610619469026549,0.0729166666666667,0.587719298245614,0.637931034482759,0.68695652173913,0.589285714285714,0.643478260869565,0.62280701754386,0.168316831683168,0.669565217391304,0.617391304347826,0.589285714285714,0.443478260869565,0.16504854368932,0.155339805825243,0.160377358490566,0.102040816326531,0.021505376344086,0.128712871287129
"101F",0.596330275229358,0.596491228070175,0.462962962962963,0.526785714285714,0,0.5,0.584905660377358,0.524752475247525,0.628571428571429,0.0952380952380952,0.504424778761062,0.504201680672269,0.550847457627119,0.464912280701754,0.447154471544715,0.526315789473684,0.175824175824176,0.573913043478261,0.508620689655172,0.546296296296296,0.422018348623853,0.112244897959184,0.102040816326531,0.108910891089109,0.0898876404494382,0.037037037037037,0.0957446808510638
"1A0D",0.528,0.644628099173554,0.446280991735537,0.620689655172414,0.5,0,0.608695652173913,0.48695652173913,0.553719008264463,0.0792079207920792,0.715596330275229,0.60655737704918,0.626016260162602,0.586206896551724,0.57258064516129,0.591666666666667,0.180952380952381,0.65,0.6,0.628318584070796,0.421487603305785,0.155963302752294,0.146788990825688,0.18348623853211,0.106796116504854,0.0306122448979592,0.142857142857143
"5440",0.63963963963964,0.610169491525424,0.495495495495495,0.612612612612613,0.584905660377358,0.608695652173913,0,0.557692307692308,0.657407407407407,0.0638297872340425,0.547826086956522,0.626086956521739,0.591666666666667,0.548672566371681,0.563025210084034,0.700934579439252,0.15,0.629310344827586,0.577586206896552,0.5625,0.417391304347826,0.17,0.12621359223301,0.142857142857143,0.129032258064516,0.0337078651685393,0.13265306122449
"A4F8",0.555555555555556,0.491525423728814,0.433962264150943,0.486486486486487,0.524752475247525,0.48695652173913,0.557692307692308,0,0.556603773584906,0.131578947368421,0.464285714285714,0.504347826086956,0.539130434782609,0.477064220183486,0.482758620689655,0.570093457943925,0.278481012658228,0.5625,0.508928571428571,0.504672897196262,0.392523364485981,0,0,0,0,0,0
"E89B",0.63716814159292,0.635593220338983,0.522522522522523,0.610619469026549,0.628571428571429,0.553719008264463,0.657407407407407,0.556603773584906,0,0.0842105263157895,0.587719298245614,0.652173913043478,0.68695652173913,0.508474576271186,0.56198347107438,0.63716814159292,0.156862745098039,0.699115044247788,0.603448275862069,0.53448275862069,0.456140350877193,0.132075471698113,0.122641509433962,0.118181818181818,0.136842105263158,0.0326086956521739,0.106796116504854
"4107",0.0816326530612245,0.0754716981132075,0.0843373493975904,0.0729166666666667,0.0952380952380952,0.0792079207920792,0.0638297872340425,0.131578947368421,0.0842105263157895,0,0.108695652173913,0.0673076923076923,0.0849056603773585,0.0879120879120879,0.0891089108910891,0.115789473684211,0.3,0.0761904761904762,0.07,0.0760869565217391,0.0740740740740741,0,0,0,0,0,0
"110D",0.559322033898305,0.641025641025641,0.486725663716814,0.587719298245614,0.504424778761062,0.715596330275229,0.547826086956522,0.464285714285714,0.587719298245614,0.108695652173913,0,0.56198347107438,0.635593220338983,0.638888888888889,0.553719008264463,0.546218487394958,0.24468085106383,0.591666666666667,0.581196581196581,0.580357142857143,0.513761467889908,0.144230769230769,0.18,0.173076923076923,0.103092783505155,0.032967032967033,0.141414141414141
"1E39",0.608333333333333,0.608,0.512820512820513,0.637931034482759,0.504201680672269,0.60655737704918,0.626086956521739,0.504347826086956,0.652173913043478,0.0673076923076923,0.56198347107438,0,0.669421487603306,0.603448275862069,0.683760683760684,0.64957264957265,0.188679245283019,0.612903225806452,0.630252100840336,0.58974358974359,0.426229508196721,0.196261682242991,0.165137614678899,0.224299065420561,0.137254901960784,0.0404040404040404,0.161904761904762
"D8F5",0.628099173553719,0.576923076923077,0.560344827586207,0.68695652173913,0.550847457627119,0.626016260162602,0.591666666666667,0.539130434782609,0.68695652173913,0.0849056603773585,0.635593220338983,0.669421487603306,0,0.596638655462185,0.675,0.641666666666667,0.181818181818182,0.728813559322034,0.622950819672131,0.610169491525424,0.459016393442623,0.189189189189189,0.190909090909091,0.153846153846154,0.0909090909090909,0.019047619047619,0.145454545454545
"4999",0.560344827586207,0.643478260869565,0.5,0.589285714285714,0.464912280701754,0.586206896551724,0.548672566371681,0.477064220183486,0.508474576271186,0.0879120879120879,0.638888888888889,0.603448275862069,0.596638655462185,0,0.567796610169492,0.521008403361345,0.225806451612903,0.593220338983051,0.625,0.581818181818182,0.421052631578947,0.16,0.161616161616162,0.178217821782178,0.0947368421052632,0.0224719101123595,0.134020618556701
"B5F7",0.560975609756098,0.574803149606299,0.585585585585586,0.643478260869565,0.447154471544715,0.57258064516129,0.563025210084034,0.482758620689655,0.56198347107438,0.0891089108910891,0.553719008264463,0.683760683760684,0.675,0.567796610169492,0,0.627118644067797,0.213592233009709,0.617886178861789,0.64957264957265,0.554621848739496,0.466101694915254,0.20952380952381,0.188679245283019,0.214953271028037,0.116504854368932,0.0303030303030303,0.141509433962264
"B311",0.579831932773109,0.53125,0.495652173913044,0.62280701754386,0.526315789473684,0.591666666666667,0.700934579439252,0.570093457943925,0.63716814159292,0.115789473684211,0.546218487394958,0.64957264957265,0.641666666666667,0.521008403361345,0.627118644067797,0,0.222222222222222,0.666666666666667,0.56198347107438,0.616071428571429,0.456896551724138,0.182692307692308,0.14018691588785,0.155963302752294,0.13265306122449,0.0315789473684211,0.114285714285714
"50FB",0.152380952380952,0.172727272727273,0.141304347826087,0.168316831683168,0.175824175824176,0.180952380952381,0.15,0.278481012658228,0.156862745098039,0.3,0.24468085106383,0.188679245283019,0.181818181818182,0.225806451612903,0.213592233009709,0.222222222222222,0,0.207547169811321,0.196078431372549,0.225806451612903,0.146067415730337,0,0,0,0,0,0
"7789",0.652542372881356,0.624,0.52991452991453,0.669565217391304,0.573913043478261,0.65,0.629310344827586,0.5625,0.699115044247788,0.0761904761904762,0.591666666666667,0.612903225806452,0.728813559322034,0.593220338983051,0.617886178861789,0.666666666666667,0.207547169811321,0,0.661016949152542,0.606837606837607,0.466666666666667,0.181818181818182,0.151785714285714,0.146551724137931,0.123809523809524,0.0194174757281553,0.117117117117117
"48AB",0.629310344827586,0.71304347826087,0.558558558558559,0.617391304347826,0.508620689655172,0.6,0.577586206896552,0.508928571428571,0.603448275862069,0.07,0.581196581196581,0.630252100840336,0.622950819672131,0.625,0.64957264957265,0.56198347107438,0.196078431372549,0.661016949152542,0,0.669724770642202,0.491228070175439,0.180952380952381,0.160377358490566,0.175925925925926,0.131313131313131,0.03125,0.134615384615385
"F50E",0.547008547008547,0.601694915254237,0.486486486486487,0.589285714285714,0.546296296296296,0.628318584070796,0.5625,0.504672897196262,0.53448275862069,0.0760869565217391,0.580357142857143,0.58974358974359,0.610169491525424,0.581818181818182,0.554621848739496,0.616071428571429,0.225806451612903,0.606837606837607,0.669724770642202,0,0.5,0.183673469387755,0.127450980392157,0.133333333333333,0.106382978723404,0.0111111111111111,0.1
"A41C",0.469565217391304,0.5,0.390909090909091,0.443478260869565,0.422018348623853,0.421487603305785,0.417391304347826,0.392523364485981,0.456140350877193,0.0740740740740741,0.513761467889908,0.426229508196721,0.459016393442623,0.421052631578947,0.466101694915254,0.456896551724138,0.146067415730337,0.466666666666667,0.491228070175439,0.5,0,0.181818181818182,0.170454545454545,0.229885057471264,0.15,0.0394736842105263,0.180722891566265
"ED95",0.128440366972477,0.139130434782609,0.175824175824176,0.16504854368932,0.112244897959184,0.155963302752294,0.17,0,0.132075471698113,0,0.144230769230769,0.196261682242991,0.189189189189189,0.16,0.20952380952381,0.182692307692308,0,0.181818181818182,0.180952380952381,0.183673469387755,0.181818181818182,0,0.676470588235294,0.605263157894737,0.483870967741935,0.03125,0.444444444444444
"CF71",0.14018691588785,0.150442477876106,0.152173913043478,0.155339805825243,0.102040816326531,0.146788990825688,0.12621359223301,0,0.122641509433962,0,0.18,0.165137614678899,0.190909090909091,0.161616161616162,0.188679245283019,0.14018691588785,0,0.151785714285714,0.160377358490566,0.127450980392157,0.170454545454545,0.676470588235294,0,0.538461538461538,0.363636363636364,0.103448275862069,0.5
"D3B0",0.135135135135135,0.175438596491228,0.145833333333333,0.160377358490566,0.108910891089109,0.18348623853211,0.142857142857143,0,0.118181818181818,0,0.173076923076923,0.224299065420561,0.153846153846154,0.178217821782178,0.214953271028037,0.155963302752294,0,0.146551724137931,0.175925925925926,0.133333333333333,0.229885057471264,0.605263157894737,0.538461538461538,0,0.441176470588235,0.125,0.617647058823529
"100F",0.0776699029126214,0.11214953271028,0.0919540229885057,0.102040816326531,0.0898876404494382,0.106796116504854,0.129032258064516,0,0.136842105263158,0,0.103092783505155,0.137254901960784,0.0909090909090909,0.0947368421052632,0.116504854368932,0.13265306122449,0,0.123809523809524,0.131313131313131,0.106382978723404,0.15,0.483870967741935,0.363636363636364,0.441176470588235,0,0.166666666666667,0.481481481481481
"8E4B",0.0315789473684211,0.0392156862745098,0,0.021505376344086,0.037037037037037,0.0306122448979592,0.0337078651685393,0,0.0326086956521739,0,0.032967032967033,0.0404040404040404,0.019047619047619,0.0224719101123595,0.0303030303030303,0.0315789473684211,0,0.0194174757281553,0.03125,0.0111111111111111,0.0394736842105263,0.03125,0.103448275862069,0.125,0.166666666666667,0,0.173913043478261
"8EBE",0.114285714285714,0.157407407407407,0.10989010989011,0.128712871287129,0.0957446808510638,0.142857142857143,0.13265306122449,0,0.106796116504854,0,0.141414141414141,0.161904761904762,0.145454545454545,0.134020618556701,0.141509433962264,0.114285714285714,0,0.117117117117117,0.134615384615385,0.1,0.180722891566265,0.444444444444444,0.5,0.617647058823529,0.481481481481481,0.173913043478261,0
