"","A0CF","5EBF3C","A1D2","4D10","CE1D","1A0D","94D3","5440","5DED","4F91","5971","A4F8","9900","775E","0832","4FCA","C073","61B2","A093","900E","8712","E453","1338","5876"
"A0CF",0,0.323529411764706,0.540540540540541,0.403846153846154,0.405405405405405,0.378378378378378,0.352941176470588,0.360655737704918,0.346774193548387,0.423423423423423,0.432,0.426229508196721,0.348837209302326,0.431372549019608,0.405172413793103,0.421875,0.482352941176471,0.441441441441441,0.431034482758621,0.0225563909774436,0.0178571428571429,0.0265486725663717,0.0176991150442478,0.0173913043478261
"5EBF3C",0.323529411764706,0,0.460869565217391,0.401960784313726,0.390909090909091,0.428571428571429,0.398230088495575,0.429824561403509,0.366666666666667,0.371681415929204,0.454545454545455,0.325581395348837,0.413223140495868,0.401960784313726,0.454545454545455,0.455284552845528,0.28125,0.427272727272727,0.358333333333333,0.127118644067797,0.15625,0.141414141414141,0.154639175257732,0.151515151515152
"A1D2",0.540540540540541,0.460869565217391,0,0.556521739130435,0.512,0.58974358974359,0.52755905511811,0.566929133858268,0.538461538461538,0.540322580645161,0.669291338582677,0.544776119402985,0.604651162790698,0.516949152542373,0.647058823529412,0.641221374045801,0.394736842105263,0.64957264957265,0.5546875,0.134228187919463,0.1484375,0.182539682539683,0.147286821705426,0.153846153846154
"4D10",0.403846153846154,0.401960784313726,0.556521739130435,0,0.464285714285714,0.548076923076923,0.495575221238938,0.567567567567568,0.470588235294118,0.537037037037037,0.545454545454545,0.479674796747967,0.568965517241379,0.495145631067961,0.568807339449541,0.472868217054264,0.353535353535354,0.513513513513513,0.45,0.133858267716535,0.150943396226415,0.169811320754717,0.149532710280374,0.168224299065421
"CE1D",0.405405405405405,0.390909090909091,0.512,0.464285714285714,0,0.461538461538462,0.455284552845528,0.520661157024793,0.434108527131783,0.454545454545455,0.527131782945736,0.465648854961832,0.488372093023256,0.43859649122807,0.533898305084746,0.574803149606299,0.321100917431193,0.447154471544715,0.472,0.184615384615385,0.233644859813084,0.207207207207207,0.220183486238532,0.216216216216216
"1A0D",0.378378378378378,0.428571428571429,0.58974358974359,0.548076923076923,0.461538461538462,0,0.517241379310345,0.547008547008547,0.555555555555556,0.453781512605042,0.492307692307692,0.5,0.575,0.518867924528302,0.575221238938053,0.50381679389313,0.342857142857143,0.535087719298246,0.471544715447154,0.135338345864662,0.141592920353982,0.169642857142857,0.130434782608696,0.147826086956522
"94D3",0.352941176470588,0.398230088495575,0.52755905511811,0.495575221238938,0.455284552845528,0.517241379310345,0,0.524193548387097,0.484375,0.459677419354839,0.496296296296296,0.563492063492063,0.576,0.536363636363636,0.537190082644628,0.507352941176471,0.307017543859649,0.5,0.512,0.213740458015267,0.212389380530973,0.219298245614035,0.189655172413793,0.217391304347826
"5440",0.360655737704918,0.429824561403509,0.566929133858268,0.567567567567568,0.520661157024793,0.547008547008547,0.524193548387097,0,0.598360655737705,0.51219512195122,0.568181818181818,0.53030303030303,0.642276422764228,0.487179487179487,0.605042016806723,0.578947368421053,0.294117647058824,0.528455284552846,0.492307692307692,0.251908396946565,0.279279279279279,0.297297297297297,0.254385964912281,0.283185840707965
"5DED",0.346774193548387,0.366666666666667,0.538461538461538,0.470588235294118,0.434108527131783,0.555555555555556,0.484375,0.598360655737705,0,0.438461538461538,0.529411764705882,0.45,0.5859375,0.470588235294118,0.560975609756098,0.475524475524476,0.313559322033898,0.56198347107438,0.444444444444444,0.195652173913043,0.191666666666667,0.218487394957983,0.2,0.19672131147541
"4F91",0.423423423423423,0.371681415929204,0.540322580645161,0.537037037037037,0.454545454545455,0.453781512605042,0.459677419354839,0.51219512195122,0.438461538461538,0,0.542635658914729,0.480916030534351,0.46969696969697,0.443478260869565,0.5,0.553846153846154,0.315315315315315,0.565217391304348,0.430769230769231,0.190839694656489,0.218181818181818,0.214285714285714,0.194690265486726,0.191304347826087
"5971",0.432,0.454545454545455,0.669291338582677,0.545454545454545,0.527131782945736,0.492307692307692,0.496296296296296,0.568181818181818,0.529411764705882,0.542635658914729,0,0.557971014492754,0.580882352941177,0.47244094488189,0.606299212598425,0.689393939393939,0.368852459016393,0.661157024793388,0.568181818181818,0.195945945945946,0.220472440944882,0.217054263565891,0.258064516129032,0.224806201550388
"A4F8",0.426229508196721,0.325581395348837,0.544776119402985,0.479674796747967,0.465648854961832,0.5,0.563492063492063,0.53030303030303,0.45,0.480916030534351,0.557971014492754,0,0.510791366906475,0.456,0.507575757575758,0.535211267605634,0.306451612903226,0.462686567164179,0.565891472868217,0.228571428571429,0.239669421487603,0.245901639344262,0.217741935483871,0.24390243902439
"9900",0.348837209302326,0.413223140495868,0.604651162790698,0.568965517241379,0.488372093023256,0.575,0.576,0.642276422764228,0.5859375,0.46969696969697,0.580882352941177,0.510791366906475,0,0.529411764705882,0.631147540983607,0.614814814814815,0.338842975206612,0.580645161290323,0.53030303030303,0.237410071942446,0.229508196721311,0.266666666666667,0.217741935483871,0.24390243902439
"775E",0.431372549019608,0.401960784313726,0.516949152542373,0.495145631067961,0.43859649122807,0.518867924528302,0.536363636363636,0.487179487179487,0.470588235294118,0.443478260869565,0.47244094488189,0.456,0.529411764705882,0,0.540540540540541,0.439393939393939,0.353535353535354,0.541284403669725,0.474576271186441,0.180327868852459,0.161904761904762,0.169811320754717,0.138888888888889,0.157407407407407
"0832",0.405172413793103,0.454545454545455,0.647058823529412,0.568807339449541,0.533898305084746,0.575221238938053,0.537190082644628,0.605042016806723,0.560975609756098,0.5,0.606299212598425,0.507575757575758,0.631147540983607,0.540540540540541,0,0.656,0.348214285714286,0.62280701754386,0.540322580645161,0.201492537313433,0.230088495575221,0.226086956521739,0.206896551724138,0.234782608695652
"4FCA",0.421875,0.455284552845528,0.641221374045801,0.472868217054264,0.574803149606299,0.50381679389313,0.507352941176471,0.578947368421053,0.475524475524476,0.553846153846154,0.689393939393939,0.535211267605634,0.614814814814815,0.439393939393939,0.656,0,0.39344262295082,0.581395348837209,0.544117647058823,0.216216216216216,0.274193548387097,0.25,0.272,0.267716535433071
"C073",0.482352941176471,0.28125,0.394736842105263,0.353535353535354,0.321100917431193,0.342857142857143,0.307017543859649,0.294117647058824,0.313559322033898,0.315315315315315,0.368852459016393,0.306451612903226,0.338842975206612,0.353535353535354,0.348214285714286,0.39344262295082,0,0.39622641509434,0.294117647058824,0,0,0,0,0
"61B2",0.441441441441441,0.427272727272727,0.64957264957265,0.513513513513513,0.447154471544715,0.535087719298246,0.5,0.528455284552846,0.56198347107438,0.565217391304348,0.661157024793388,0.462686567164179,0.580645161290323,0.541284403669725,0.62280701754386,0.581395348837209,0.39622641509434,0,0.504,0.153284671532847,0.192982456140351,0.179487179487179,0.191304347826087,0.168067226890756
"A093",0.431034482758621,0.358333333333333,0.5546875,0.45,0.472,0.471544715447154,0.512,0.492307692307692,0.444444444444444,0.430769230769231,0.568181818181818,0.565891472868217,0.53030303030303,0.474576271186441,0.540322580645161,0.544117647058823,0.294117647058824,0.504,0,0.179856115107914,0.203389830508475,0.220338983050847,0.181818181818182,0.208333333333333
"900E",0.0225563909774436,0.127118644067797,0.134228187919463,0.133858267716535,0.184615384615385,0.135338345864662,0.213740458015267,0.251908396946565,0.195652173913043,0.190839694656489,0.195945945945946,0.228571428571429,0.237410071942446,0.180327868852459,0.201492537313433,0.216216216216216,0,0.153284671532847,0.179856115107914,0,0.534246575342466,0.5,0.486842105263158,0.554054054054054
"8712",0.0178571428571429,0.15625,0.1484375,0.150943396226415,0.233644859813084,0.141592920353982,0.212389380530973,0.279279279279279,0.191666666666667,0.218181818181818,0.220472440944882,0.239669421487603,0.229508196721311,0.161904761904762,0.230088495575221,0.274193548387097,0,0.192982456140351,0.203389830508475,0.534246575342466,0,0.642857142857143,0.75,0.823529411764706
"E453",0.0265486725663717,0.141414141414141,0.182539682539683,0.169811320754717,0.207207207207207,0.169642857142857,0.219298245614035,0.297297297297297,0.218487394957983,0.214285714285714,0.217054263565891,0.245901639344262,0.266666666666667,0.169811320754717,0.226086956521739,0.25,0,0.179487179487179,0.220338983050847,0.5,0.642857142857143,0,0.660714285714286,0.610169491525424
"1338",0.0176991150442478,0.154639175257732,0.147286821705426,0.149532710280374,0.220183486238532,0.130434782608696,0.189655172413793,0.254385964912281,0.2,0.194690265486726,0.258064516129032,0.217741935483871,0.217741935483871,0.138888888888889,0.206896551724138,0.272,0,0.191304347826087,0.181818181818182,0.486842105263158,0.75,0.660714285714286,0,0.773584905660377
"5876",0.0173913043478261,0.151515151515152,0.153846153846154,0.168224299065421,0.216216216216216,0.147826086956522,0.217391304347826,0.283185840707965,0.19672131147541,0.191304347826087,0.224806201550388,0.24390243902439,0.24390243902439,0.157407407407407,0.234782608695652,0.267716535433071,0,0.168067226890756,0.208333333333333,0.554054054054054,0.823529411764706,0.610169491525424,0.773584905660377,0
