"","A1D2","4D10","9900","775E","4FCA","4F91","A093","E89B","1E39","2562","238E","5EBF3C","5440","0832","A4F8","1A0D","94D3","8712","1338","FA6F","4107","A290","175F","110D","ED72","D8F5","FBF5","F886","DB0A","6587","FA5B"
"A1D2",0,0.486486486486487,0.581967213114754,0.736842105263158,0.657894736842105,0.311320754716981,0.675213675213675,0.610169491525424,0.677966101694915,0.634146341463415,0.715596330275229,0.56198347107438,0.588235294117647,0.633928571428571,0.554621848739496,0.563636363636364,0.590909090909091,0.698275862068966,0.644067796610169,0.352380952380952,0.619469026548673,0.558333333333333,0.495412844036697,0.525862068965517,0.140350877192982,0.153153153153153,0.179245283018868,0.163636363636364,0.0594059405940594,0.161904761904762,0.146788990825688
"4D10",0.486486486486487,0,0.523809523809524,0.527777777777778,0.457943925233645,0.432432432432432,0.455357142857143,0.467289719626168,0.542056074766355,0.460869565217391,0.524752475247525,0.514563106796116,0.529411764705882,0.5625,0.52,0.494623655913978,0.526881720430108,0.547169811320755,0.463636363636364,0.329268292682927,0.515151515151515,0.480769230769231,0.566265060240964,0.515789473684211,0.0543478260869565,0.0555555555555556,0.0574712643678161,0.0555555555555556,0.0277777777777778,0.0470588235294118,0.0337078651685393
"9900",0.581967213114754,0.523809523809524,0,0.621848739495798,0.586206896551724,0.326732673267327,0.552845528455285,0.63716814159292,0.635593220338983,0.53125,0.582608695652174,0.586206896551724,0.642857142857143,0.589285714285714,0.592920353982301,0.518181818181818,0.559633027522936,0.6,0.588235294117647,0.268518518518519,0.63302752293578,0.596491228070175,0.533980582524272,0.577981651376147,0.225490196078431,0.23,0.212121212121212,0.205882352941176,0.0625,0.181818181818182,0.2
"775E",0.736842105263158,0.527777777777778,0.621848739495798,0,0.6875,0.336538461538462,0.75,0.557377049180328,0.752212389380531,0.608,0.654867256637168,0.588235294117647,0.601694915254237,0.663636363636364,0.62280701754386,0.563636363636364,0.590909090909091,0.698275862068966,0.701754385964912,0.339622641509434,0.619469026548673,0.640350877192982,0.481818181818182,0.594594594594595,0.160714285714286,0.174311926605505,0.201923076923077,0.163636363636364,0.0594059405940594,0.150943396226415,0.136363636363636
"4FCA",0.657894736842105,0.457943925233645,0.586206896551724,0.6875,0,0.34020618556701,0.640350877192982,0.560344827586207,0.672566371681416,0.560975609756098,0.603603603603604,0.607142857142857,0.578947368421053,0.641509433962264,0.62962962962963,0.567307692307692,0.551401869158878,0.649122807017544,0.728971962616822,0.371134020618557,0.553571428571429,0.648148148148148,0.509803921568627,0.513513513513513,0.141509433962264,0.144230769230769,0.171717171717172,0.144230769230769,0.0537634408602151,0.141414141414141,0.104761904761905
"4F91",0.311320754716981,0.432432432432432,0.326732673267327,0.336538461538462,0.34020618556701,0,0.317307692307692,0.336734693877551,0.323809523809524,0.327102803738318,0.319587628865979,0.287128712871287,0.34020618556701,0.291666666666667,0.3125,0.345238095238095,0.348837209302326,0.326923076923077,0.35,0.406779661016949,0.278350515463918,0.306122448979592,0.333333333333333,0.296703296703297,0,0,0,0,0,0,0
"A093",0.675213675213675,0.455357142857143,0.552845528455285,0.75,0.640350877192982,0.317307692307692,0,0.553719008264463,0.675213675213675,0.672268907563025,0.62280701754386,0.654867256637168,0.545454545454545,0.630630630630631,0.591304347826087,0.559633027522936,0.544642857142857,0.666666666666667,0.627118644067797,0.346153846153846,0.587719298245614,0.651785714285714,0.4375,0.495726495726496,0.142857142857143,0.145454545454545,0.160377358490566,0.145454545454545,0.05,0.142857142857143,0.118181818181818
"E89B",0.610169491525424,0.467289719626168,0.63716814159292,0.557377049180328,0.560344827586207,0.336734693877551,0.553719008264463,0,0.623931623931624,0.581967213114754,0.612612612612613,0.601769911504425,0.601769911504425,0.62037037037037,0.623853211009174,0.547169811320755,0.546296296296296,0.629310344827586,0.646017699115044,0.326732673267327,0.62037037037037,0.598214285714286,0.435185185185185,0.522522522522523,0.184466019417476,0.2,0.158415841584158,0.176470588235294,0.0531914893617021,0.163265306122449,0.206185567010309
"1E39",0.677966101694915,0.542056074766355,0.635593220338983,0.752212389380531,0.672566371681416,0.323809523809524,0.675213675213675,0.623931623931624,0,0.620967741935484,0.731481481481482,0.615384615384615,0.575,0.694444444444444,0.666666666666667,0.563636363636364,0.5625,0.698275862068966,0.701754385964912,0.314814814814815,0.605263157894737,0.640350877192982,0.537735849056604,0.623853211009174,0.160714285714286,0.185185185185185,0.168224299065421,0.132743362831858,0.0594059405940594,0.150943396226415,0.168224299065421
"2562",0.634146341463415,0.460869565217391,0.53125,0.608,0.560975609756098,0.327102803738318,0.672268907563025,0.581967213114754,0.620967741935484,0,0.666666666666667,0.586776859504132,0.548387096774194,0.617391304347826,0.553719008264463,0.446280991735537,0.53448275862069,0.709401709401709,0.65546218487395,0.330275229357798,0.576271186440678,0.623931623931624,0.469026548672566,0.525423728813559,0.220183486238532,0.212962962962963,0.207547169811321,0.235849056603774,0.0476190476190476,0.19047619047619,0.174311926605505
"238E",0.715596330275229,0.524752475247525,0.582608695652174,0.654867256637168,0.603603603603604,0.319587628865979,0.62280701754386,0.612612612612613,0.731481481481482,0.666666666666667,0,0.575221238938053,0.618181818181818,0.653846153846154,0.596330275229358,0.518867924528302,0.656565656565657,0.722222222222222,0.678899082568807,0.350515463917526,0.607476635514019,0.6,0.504950495049505,0.566037735849057,0.144230769230769,0.17,0.175257731958763,0.158415841584158,0.0549450549450549,0.168421052631579,0.175257731958763
"5EBF3C",0.56198347107438,0.514563106796116,0.586206896551724,0.588235294117647,0.607142857142857,0.287128712871287,0.654867256637168,0.601769911504425,0.615384615384615,0.586776859504132,0.575221238938053,0,0.565217391304348,0.641509433962264,0.62962962962963,0.523364485981308,0.509090909090909,0.678571428571429,0.581196581196581,0.303921568627451,0.567567567567568,0.679245283018868,0.509803921568627,0.555555555555556,0.174757281553398,0.19,0.208333333333333,0.202020202020202,0.0537634408602151,0.164948453608247,0.148514851485149
"5440",0.588235294117647,0.529411764705882,0.642857142857143,0.601694915254237,0.578947368421053,0.34020618556701,0.545454545454545,0.601769911504425,0.575,0.548387096774194,0.618181818181818,0.565217391304348,0,0.657142857142857,0.6,0.481818181818182,0.596153846153846,0.593220338983051,0.581196581196581,0.357142857142857,0.596330275229358,0.547826086956522,0.495145631067961,0.541284403669725,0.163461538461538,0.166666666666667,0.171717171717172,0.155339805825243,0.0425531914893617,0.153061224489796,0.12621359223301
"0832",0.633928571428571,0.5625,0.589285714285714,0.663636363636364,0.641509433962264,0.291666666666667,0.630630630630631,0.62037037037037,0.694444444444444,0.617391304347826,0.653846153846154,0.641509433962264,0.657142857142857,0,0.683168316831683,0.57,0.616161616161616,0.63963963963964,0.688679245283019,0.351063829787234,0.584905660377358,0.653846153846154,0.541666666666667,0.62,0.173469387755102,0.164948453608247,0.170212765957447,0.153061224489796,0.0574712643678161,0.175824175824176,0.145833333333333
"A4F8",0.554621848739496,0.52,0.592920353982301,0.62280701754386,0.62962962962963,0.3125,0.591304347826087,0.623853211009174,0.666666666666667,0.553719008264463,0.596330275229358,0.62962962962963,0.6,0.683168316831683,0,0.558823529411765,0.557692307692308,0.688073394495413,0.723809523809524,0.277227722772277,0.588785046728972,0.673076923076923,0.456310679611651,0.607843137254902,0.193877551020408,0.197916666666667,0.204301075268817,0.161616161616162,0.0930232558139535,0.211111111111111,0.178947368421053
"1A0D",0.563636363636364,0.494623655913978,0.518181818181818,0.563636363636364,0.567307692307692,0.345238095238095,0.559633027522936,0.547169811320755,0.563636363636364,0.446280991735537,0.518867924528302,0.523364485981308,0.481818181818182,0.57,0.558823529411765,0,0.619565217391304,0.583333333333333,0.541284403669725,0.318181818181818,0.481132075471698,0.548076923076923,0.442105263157895,0.495049504950495,0.0947368421052632,0.0851063829787234,0.0879120879120879,0.0736842105263158,0.0384615384615385,0.116279069767442,0.1
"94D3",0.590909090909091,0.526881720430108,0.559633027522936,0.590909090909091,0.551401869158878,0.348837209302326,0.544642857142857,0.546296296296296,0.5625,0.53448275862069,0.656565656565657,0.509090909090909,0.596153846153846,0.616161616161616,0.557692307692308,0.619565217391304,0,0.626168224299065,0.583333333333333,0.352272727272727,0.553398058252427,0.561904761904762,0.538461538461538,0.54,0.114583333333333,0.129032258064516,0.133333333333333,0.117021276595745,0.0632911392405063,0.137931034482759,0.133333333333333
"8712",0.698275862068966,0.547169811320755,0.6,0.698275862068966,0.649122807017544,0.326923076923077,0.666666666666667,0.629310344827586,0.698275862068966,0.709401709401709,0.722222222222222,0.678571428571429,0.593220338983051,0.63963963963964,0.688073394495413,0.583333333333333,0.626168224299065,0,0.738738738738739,0.330188679245283,0.669724770642202,0.631578947368421,0.486238532110092,0.585585585585586,0.151785714285714,0.186915887850467,0.192307692307692,0.165137614678899,0.0707070707070707,0.174757281553398,0.169811320754717
"1338",0.644067796610169,0.463636363636364,0.588235294117647,0.701754385964912,0.728971962616822,0.35,0.627118644067797,0.646017699115044,0.701754385964912,0.65546218487395,0.678899082568807,0.581196581196581,0.581196581196581,0.688679245283019,0.723809523809524,0.541284403669725,0.583333333333333,0.738738738738739,0,0.352941176470588,0.584070796460177,0.663636363636364,0.485981308411215,0.587155963302752,0.177570093457944,0.180952380952381,0.163461538461538,0.148148148148148,0.0842105263157895,0.168316831683168,0.163461538461538
"FA6F",0.352380952380952,0.329268292682927,0.268518518518519,0.339622641509434,0.371134020618557,0.406779661016949,0.346153846153846,0.326732673267327,0.314814814814815,0.330275229357798,0.350515463917526,0.303921568627451,0.357142857142857,0.351063829787234,0.277227722772277,0.318181818181818,0.352272727272727,0.330188679245283,0.352941176470588,0,0.27,0.31,0.304878048780488,0.222222222222222,0,0,0,0,0,0,0
"4107",0.619469026548673,0.515151515151515,0.63302752293578,0.619469026548673,0.553571428571429,0.278350515463918,0.587719298245614,0.62037037037037,0.605263157894737,0.576271186440678,0.607476635514019,0.567567567567568,0.596330275229358,0.584905660377358,0.588785046728972,0.481132075471698,0.553398058252427,0.669724770642202,0.584070796460177,0.27,0,0.607476635514019,0.48,0.557692307692308,0.161616161616162,0.189473684210526,0.195652173913043,0.164948453608247,0.0574712643678161,0.16304347826087,0.170212765957447
"A290",0.558333333333333,0.480769230769231,0.596491228070175,0.640350877192982,0.648148148148148,0.306122448979592,0.651785714285714,0.598214285714286,0.640350877192982,0.623931623931624,0.6,0.679245283018868,0.547826086956522,0.653846153846154,0.673076923076923,0.548076923076923,0.561904761904762,0.631578947368421,0.663636363636364,0.31,0.607476635514019,0,0.52,0.537037037037037,0.22680412371134,0.206185567010309,0.2,0.181818181818182,0.0666666666666667,0.206521739130435,0.163265306122449
"175F",0.495412844036697,0.566265060240964,0.533980582524272,0.481818181818182,0.509803921568627,0.333333333333333,0.4375,0.435185185185185,0.537735849056604,0.469026548672566,0.504950495049505,0.509803921568627,0.495145631067961,0.541666666666667,0.456310679611651,0.442105263157895,0.538461538461538,0.486238532110092,0.485981308411215,0.304878048780488,0.48,0.52,0,0.494736842105263,0.0795454545454545,0.0689655172413793,0.0714285714285714,0.0689655172413793,0.0285714285714286,0.0740740740740741,0.0465116279069767
"110D",0.525862068965517,0.515789473684211,0.577981651376147,0.594594594594595,0.513513513513513,0.296703296703297,0.495726495726496,0.522522522522523,0.623853211009174,0.525423728813559,0.566037735849057,0.555555555555556,0.541284403669725,0.62,0.607843137254902,0.495049504950495,0.54,0.585585585585586,0.587155963302752,0.222222222222222,0.557692307692308,0.537037037037037,0.494736842105263,0,0.267441860465116,0.258823529411765,0.238095238095238,0.244186046511628,0.0617283950617284,0.188235294117647,0.223529411764706
"ED72",0.140350877192982,0.0543478260869565,0.225490196078431,0.160714285714286,0.141509433962264,0,0.142857142857143,0.184466019417476,0.160714285714286,0.220183486238532,0.144230769230769,0.174757281553398,0.163461538461538,0.173469387755102,0.193877551020408,0.0947368421052632,0.114583333333333,0.151785714285714,0.177570093457944,0,0.161616161616162,0.22680412371134,0.0795454545454545,0.267441860465116,0,0.764705882352941,0.676470588235294,0.764705882352941,0.181818181818182,0.636363636363636,0.628571428571429
"D8F5",0.153153153153153,0.0555555555555556,0.23,0.174311926605505,0.144230769230769,0,0.145454545454545,0.2,0.185185185185185,0.212962962962963,0.17,0.19,0.166666666666667,0.164948453608247,0.197916666666667,0.0851063829787234,0.129032258064516,0.186915887850467,0.180952380952381,0,0.189473684210526,0.206185567010309,0.0689655172413793,0.258823529411765,0.764705882352941,0,0.774193548387097,0.705882352941177,0.233333333333333,0.575757575757576,0.774193548387097
"FBF5",0.179245283018868,0.0574712643678161,0.212121212121212,0.201923076923077,0.171717171717172,0,0.160377358490566,0.158415841584158,0.168224299065421,0.207547169811321,0.175257731958763,0.208333333333333,0.171717171717172,0.170212765957447,0.204301075268817,0.0879120879120879,0.133333333333333,0.192307692307692,0.163461538461538,0,0.195652173913043,0.2,0.0714285714285714,0.238095238095238,0.676470588235294,0.774193548387097,0,0.71875,0.214285714285714,0.633333333333333,0.625
"F886",0.163636363636364,0.0555555555555556,0.205882352941176,0.163636363636364,0.144230769230769,0,0.145454545454545,0.176470588235294,0.132743362831858,0.235849056603774,0.158415841584158,0.202020202020202,0.155339805825243,0.153061224489796,0.161616161616162,0.0736842105263158,0.117021276595745,0.165137614678899,0.148148148148148,0,0.164948453608247,0.181818181818182,0.0689655172413793,0.244186046511628,0.764705882352941,0.705882352941177,0.71875,0,0.15625,0.529411764705882,0.571428571428571
"DB0A",0.0594059405940594,0.0277777777777778,0.0625,0.0594059405940594,0.0537634408602151,0,0.05,0.0531914893617021,0.0594059405940594,0.0476190476190476,0.0549450549450549,0.0537634408602151,0.0425531914893617,0.0574712643678161,0.0930232558139535,0.0384615384615385,0.0632911392405063,0.0707070707070707,0.0842105263157895,0,0.0574712643678161,0.0666666666666667,0.0285714285714286,0.0617283950617284,0.181818181818182,0.233333333333333,0.214285714285714,0.15625,0,0.291666666666667,0.214285714285714
"6587",0.161904761904762,0.0470588235294118,0.181818181818182,0.150943396226415,0.141414141414141,0,0.142857142857143,0.163265306122449,0.150943396226415,0.19047619047619,0.168421052631579,0.164948453608247,0.153061224489796,0.175824175824176,0.211111111111111,0.116279069767442,0.137931034482759,0.174757281553398,0.168316831683168,0,0.16304347826087,0.206521739130435,0.0740740740740741,0.188235294117647,0.636363636363636,0.575757575757576,0.633333333333333,0.529411764705882,0.291666666666667,0,0.580645161290323
"FA5B",0.146788990825688,0.0337078651685393,0.2,0.136363636363636,0.104761904761905,0,0.118181818181818,0.206185567010309,0.168224299065421,0.174311926605505,0.175257731958763,0.148514851485149,0.12621359223301,0.145833333333333,0.178947368421053,0.1,0.133333333333333,0.169811320754717,0.163461538461538,0,0.170212765957447,0.163265306122449,0.0465116279069767,0.223529411764706,0.628571428571429,0.774193548387097,0.625,0.571428571428571,0.214285714285714,0.580645161290323,0
